dim = 100;
var = 0.1;
numIters = 100;
sampleMultiplier = 500;
numProblems = 10;
iter 1
SGD   0.419497 0.84509 73.75 46.3646
PDA   0.35346 0.846342 29.1968 30.1115
EG    0.500116 0.43618 102.713 102.656
EDA   0.546776 0.507989 107.19 90.8318
PADA  0.374308 0.53792 17.3124 5.40032
PSAGE 0.327593 0.559302 56.1145 29.547
iter 2
SGD   0.363023 0.960397 65.0637 256.358
PDA   0.336285 0.866848 26.5165 9.01868
EG    0.507814 0.437152 52.3649 47.6393
EDA   0.54204 0.503538 61.8556 53.9116
PADA  0.370694 0.495959 32.2749 27.8394
PSAGE 0.341564 0.562315 55.9993 61.2524
iter 3
SGD   0.373442 0.872989 23.4464 15.199
PDA   0.290506 0.877424 11.2415 31.6924
EG    0.520066 0.465942 26.4456 24.2697
EDA   0.532219 0.498668 30.9421 31.6633
PADA  0.368517 0.5222 49.399 23.2201
PSAGE 0.42889 0.687387 45.4858 109.827
iter 4
SGD   0.35152 0.890217 73.3347 85.7947
PDA   0.35789 0.981051 54.3094 5.57548
EG    0.459877 0.40747 81.7672 61.412
EDA   0.500575 0.46243 107.393 106.224
PADA  0.3822 0.523678 52.2879 45.3096
PSAGE 0.385243 0.576442 31.7228 34.1692
iter 5
SGD   0.380066 0.947393 19.206 35.194
PDA   0.365266 0.955459 4.5666 7.24644
EG    0.46038 0.403667 18.728 16.1322
EDA   0.488471 0.462489 13.1282 12.7895
PADA  0.350822 0.558478 6.57484 7.83527
PSAGE 0.390055 0.741926 17.962 23.864
iter 6
SGD   0.378894 0.862931 2448.77 98.6157
PDA   0.377983 0.90578 92.1698 5.65407
EG    0.482893 0.425453 2223.02 1775.16
EDA   0.548127 0.520839 2777.78 2587.39
PADA  0.348273 0.483569 988.384 132.054
PSAGE 0.349861 0.619609 1746.44 21.6999
iter 7
SGD   0.421194 0.866183 57.9453 48.9854
PDA   0.331084 0.908187 11.2078 42.8935
EG    0.501193 0.430999 77.303 70.2701
EDA   0.554425 0.510305 98.1159 88.1795
PADA  0.372693 0.481459 73.1825 82.7914
PSAGE 0.367332 0.610462 25.7789 97.1557
iter 8
SGD   0.398244 0.863571 50.1121 37.6634
PDA   0.350279 1.09268 63.9126 18.7003
EG    0.458141 0.393489 69.1953 64.7033
EDA   0.537688 0.503909 74.1551 72.2225
PADA  0.365655 0.487702 47.1561 81.3701
PSAGE 0.319856 0.584153 32.8658 24.413
iter 9
SGD   0.403433 0.90969 107.252 203.734
PDA   0.365957 1.0135 102.117 172.109
EG    0.458147 0.401414 162.404 152.656
EDA   0.504183 0.475125 201.304 183.16
PADA  0.384103 0.589953 131.174 44.2549
PSAGE 0.372082 0.669709 84.0852 196.506
iter 10
SGD   0.384183 0.943241 17.7293 20.8386
PDA   0.377216 0.849287 14.6714 18.9597
EG    0.495858 0.442394 24.7881 24.5568
EDA   0.540788 0.499143 20.4645 19.0606
PADA  0.346502 0.472268 17.2052 8.10232
PSAGE 0.341306 0.569662 10.8098 27.5099
--------------------------------------------------------------------------------
dim = 100;
var = 1;
numIters = 100;
sampleMultiplier = 500;
numProblems = 10;
iter 1
SGD   0.669481 2.58688 56.0211 119.33
PDA   1.86986 3.89348 92.2328 332.216
EG    1.3547 1.52616 82.5354 90.8826
EDA   0.79351 0.854618 65.9149 53.2614
PADA  1.23477 2.19039 23.2202 32.0766
PSAGE 0.743632 1.43075 141.137 70.805
iter 2
SGD   0.664992 2.93307 131.437 1535.87
PDA   1.43126 3.08762 134.838 77.3148
EG    1.70995 1.62058 68.1263 90.579
EDA   0.830817 0.899617 61.2453 29.1101
PADA  1.36214 1.65404 56.048 62.5225
PSAGE 0.809762 1.05104 87.2381 14.2668
iter 3
SGD   0.636703 1.91285 19.8186 26.112
PDA   1.1495 3.15993 58.0288 192.282
EG    1.53396 1.61449 53.6698 28.4324
EDA   0.784681 0.916726 23.514 47.37
PADA  1.24279 1.70133 261.277 160.278
PSAGE 0.873035 1.38951 141.7 344.175
iter 4
SGD   0.588531 2.20404 71.7627 337.912
PDA   1.59261 3.90651 106.017 55.3196
EG    1.08135 1.17952 69.204 59.1892
EDA   0.725062 0.780616 293.076 362.484
PADA  1.07328 1.49971 131.234 181.552
PSAGE 0.845163 1.48195 103.42 74.6004
iter 5
SGD   0.668051 2.39481 44.1998 85.1645
PDA   1.47631 2.90824 19.8724 44.4446
EG    1.54578 1.57083 96.3263 45.7571
EDA   0.750657 1.00075 9.82833 11.4225
PADA  1.06131 1.4333 20.4803 20.3044
PSAGE 0.816597 1.82996 38.1066 36.7435
iter 6
SGD   0.603463 2.70584 2465.8 111.438
PDA   1.5762 3.46717 19.9176 49.8782
EG    1.33234 1.70314 124.123 18.731
EDA   0.861298 1.04379 1131.47 570.289
PADA  1.18663 1.60041 342.485 268.646
PSAGE 0.805171 1.55692 2554.59 17.3811
iter 7
SGD   0.645476 2.46344 92.8794 65.2061
PDA   1.29628 3.21505 20.3142 143.214
EG    0.979455 1.26583 52.1092 49.8313
EDA   0.751257 0.756431 282.484 165.084
PADA  1.20695 1.57848 189.751 387.194
PSAGE 0.776853 1.42882 86.3963 441.554
iter 8
SGD   0.673775 2.15421 67.5708 82.4063
PDA   1.4012 4.5747 326.193 55.3815
EG    1.16971 1.57419 32.5589 59.4427
EDA   0.914975 0.904361 81.8297 64.6778
PADA  1.2391 1.52069 42.3194 436.25
PSAGE 0.746262 1.6083 46.0698 17.7906
iter 9
SGD   0.656991 2.62688 107.102 92.7655
PDA   1.4954 3.4117 148.846 225.214
EG    1.38906 1.41277 37.3543 51.6698
EDA   0.889336 0.943143 312.348 186.172
PADA  1.35891 2.37319 169.002 82.8047
PSAGE 0.894878 1.36925 184.432 482.9
iter 10
SGD   0.665257 2.60048 23.1383 109.27
PDA   1.80034 3.53589 69.3799 102.659
EG    1.58195 1.66771 66.7534 138.965
EDA   0.77289 0.83399 43.3892 45.5156
PADA  1.33973 2.06192 26.785 58.5316
PSAGE 0.79128 1.51382 27.1268 78.4939
--------------------------------------------------------------------------------
dim = 100;
var = 1;
numIters = 1000;
sampleMultiplier = 500;
numProblems = 10;
iter 1
SGD   0.562423 1.68939 132.014 16.0625
PDA   0.787693 2.93242 53.0051 59.6037
EG    0.977487 0.973941 219.425 189.586
EDA   0.575631 0.750267 51.0317 54.0011
PADA  0.967765 1.47108 6.69447 27.8448
PSAGE 0.663501 1.27771 89.4983 146.651
iter 2
SGD   0.586827 1.6771 41.7808 55.381
PDA   0.774179 2.4043 73.1698 14.2129
EG    0.893258 0.913291 22.3685 25.2235
EDA   0.595704 0.681568 39.9882 73.9097
PADA  0.872026 1.13674 38.8217 106.47
PSAGE 0.638087 1.22013 42.6332 42.1788
iter 3
SGD   0.557592 1.72491 44.1386 28.8369
PDA   0.897308 2.56183 7.47084 13.6729
EG    0.859782 0.811172 53.2844 38.1067
EDA   0.657608 0.681087 40.3361 34.6238
PADA  0.801988 1.13984 45.5746 28.7057
PSAGE 0.620201 1.33287 44.5259 47.8011
iter 4
SGD   0.570051 1.62223 25.5546 38.5344
PDA   0.976262 2.76687 53.7826 34.1583
EG    0.824584 0.83583 17.3781 20.4288
EDA   0.648754 0.701446 15.1208 23.0171
PADA  0.820946 1.19782 23.6547 39.5197
PSAGE 0.606529 1.37085 30.204 9.2228
iter 5
SGD   0.566984 1.4278 163.516 237.7
PDA   0.763977 2.98254 29.8349 31.3791
EG    0.910363 0.902873 27.8722 32.4545
EDA   0.66118 0.858939 105.844 145.095
PADA  0.815985 1.19557 87.4946 68.3654
PSAGE 0.645348 1.39673 451.34 1327.46
iter 6
SGD   0.583852 1.65954 105.59 251.144
PDA   0.787495 2.79976 30.1678 51.1546
EG    0.799205 0.857778 60.7431 28.0956
EDA   0.665202 0.685661 93.7339 53.096
PADA  0.880582 1.47847 79.0226 115.319
PSAGE 0.60731 1.14822 167.035 187.351
iter 7
SGD   0.559038 1.73222 21.4182 47.295
PDA   0.857511 2.8853 15.9882 66.4804
EG    0.82457 0.878988 23.4424 22.0914
EDA   0.635586 0.598991 19.2888 8.99856
PADA  0.924383 1.30947 38.4658 31.7098
PSAGE 0.635356 1.23242 16.3323 29.2884
iter 8
SGD   0.577906 1.68305 138.059 82.1248
PDA   0.762766 2.40424 206.214 221.706
EG    0.927636 0.852447 70.6928 79.7346
EDA   0.624751 0.662174 159.085 173.459
PADA  0.901438 1.30418 55.3446 49.5276
PSAGE 0.583849 1.27506 169.608 32.7428
iter 9
SGD   0.555226 1.78167 632.652 2055.84
PDA   0.825236 2.54434 100.324 18.2316
EG    0.850259 0.904488 119.739 32.2912
EDA   0.541433 0.63435 229.186 109.227
PADA  0.956602 1.28393 48.0351 90.6839
PSAGE 0.643781 1.23332 238.07 433.465
iter 10
SGD   0.553899 1.70206 24.5079 107.863
PDA   0.832901 2.32986 21.0298 28.7902
EG    1.01359 0.948471 12.8551 11.4377
EDA   0.513197 0.515563 16.6486 26.5241
PADA  0.932222 1.16141 29.4796 40.0717
PSAGE 0.546772 1.30741 17.7688 14.303
--------------------------------------------------------------------------------
dim = 100;
var = 0.1;
numIters = 1000;
sampleMultiplier = 500;
numProblems = 10;
iter 1
SGD   0.266152 0.629257 33.1497 39.0352
PDA   0.121745 0.547713 7.96431 5.13721
EG    0.26375 0.177056 32.339 23.8798
EDA   0.374241 0.299621 38.2407 31.7846
PADA  0.160222 0.351334 6.99348 3.39586
PSAGE 0.155541 0.430805 23.2436 16.2839
iter 2
SGD   0.253507 0.660606 15.6933 18.381
PDA   0.114645 0.619036 3.52929 5.97691
EG    0.260471 0.187108 12.267 9.32395
EDA   0.372772 0.308197 17.0853 14.9835
PADA  0.15292 0.304336 12.2756 6.54408
PSAGE 0.1585 0.458343 5.17073 6.36372
iter 3
SGD   0.282083 0.56731 46.1573 39.9038
PDA   0.119934 0.587801 13.3655 6.54793
EG    0.297068 0.200614 41.5049 32.3749
figure
EDA   0.412171 0.327985 62.5292 50.7679
PADA  0.168321 0.309076 27.0441 22.7329
PSAGE 0.149426 0.394583 29.9604 62.4204
iter 4
SGD   0.27173 0.55106 28.5211 66.1452
PDA   0.114413 0.588347 14.3294 6.16421
EG    0.29508 0.193887 31.7278 22.5473
EDA   0.40765 0.338325 36.0919 29.8602
PADA  0.131745 0.312938 9.31893 6.10664
PSAGE 0.152733 0.371379 12.0344 25.6007
iter 5
SGD   0.281339 0.555791 31.5119 43.4531
PDA   0.122471 0.51643 9.17309 25.2047
EG    0.285583 0.196613 32.3133 22.9285
EDA   0.424579 0.349032 41.7816 36.3866
PADA  0.136204 0.338793 7.30428 12.0312
PSAGE 0.150342 0.327829 12.7284 7.1368
iter 6
SGD   0.263086 0.529082 56.2131 152.878
PDA   0.12083 0.551785 18.0815 12.6247
EG    0.266423 0.176131 56.5266 44.2638
EDA   0.40477 0.336466 90.6923 72.9717
PADA  0.144121 0.377196 17.4093 7.60752
PSAGE 0.140863 0.378549 35.0519 27.9363
iter 7
SGD   0.263088 0.625201 63.2514 58.6031
PDA   0.125255 0.625513 7.22771 10.1783
EG    0.272656 0.188483 55.223 38.6967
EDA   0.375371 0.316173 96.2467 85.2297
PADA  0.152536 0.324198 13.5807 5.91045
PSAGE 0.154959 0.387901 48.7714 56.6727
iter 8
SGD   0.249222 0.64313 539.151 157.575
PDA   0.140678 0.6297 79.4297 20.9659
EG    0.267386 0.185456 557.112 446.2
EDA   0.380826 0.308962 847.155 736.005
PADA  0.157487 0.319025 538.153 130.342
PSAGE 0.135611 0.443023 427.509 1142.26
iter 9
SGD   0.259505 0.593283 378.434 158.436
PDA   0.120172 0.573868 108.599 596.714
EG    0.276077 0.190521 340.372 261.471
EDA   0.393866 0.327397 429.788 378.272
PADA  0.149066 0.358678 67.3413 48.6069
PSAGE 0.149942 0.385222 197.136 405.637
iter 10
SGD   0.255968 0.573018 30.5955 76.955
PDA   0.116724 0.506812 7.83489 9.66851
EG    0.280508 0.192051 27.7096 21.2119
EDA   0.41253 0.343918 45.618 38.3144
PADA  0.166294 0.265354 27.9138 15.0867
PSAGE 0.152881 0.365335 15.4536 32.8666
